%YAML:1.0
---
K: !!opencv-matrix
   rows: 3
   cols: 3
   dt: d
   data: [ 4.6700169161244901e+02, 0., 2.3739498601644453e+02, 0.,
       4.6575138598310969e+02, 1.8010283610641883e+02, 0., 0., 1. ]
D: !!opencv-matrix
   rows: 1
   cols: 5
   dt: d
   data: [ 1.7539686719740492e-02, 1.1658224983164787e-01,
       -7.7336481007024942e-03, -1.2402139710161273e-02,
       1.7339637438204725e-01 ]
