{
    "CameraMatrix": {
        "type_id": "opencv-matrix",
        "rows": 3,
        "cols": 3,
        "dt": "d",
        "data": [ 7.2851123350600369e+02, 0.0, 3.2329914944636340e+02,
            0.0, 7.2559522583847934e+02, 2.2218433838646371e+02, 0.0,
            0.0, 1.0 ]
    },
    "DistortionCoeff": {
        "type_id": "opencv-matrix",
        "rows": 1,
        "cols": 5,
        "dt": "d",
        "data": [ 1.2166913354328510e-01, -5.7863025221881703e-01,
            -6.4616276554208566e-03, 2.3866413732884493e-03,
            6.4722303806875381e-01 ]
    }
}
