{
    "RVEC": {
        "type_id": "opencv-matrix",
        "rows": 1,
        "cols": 1,
        "dt": "3d",
        "data": [ 1.8389589637115433e+00, -1.4664097149090736e+00,
            6.9940467413772067e-01 ]
    },
    "TVEC": {
        "type_id": "opencv-matrix",
        "rows": 1,
        "cols": 1,
        "dt": "3d",
        "data": [ -8.2155156639607914e-04, 2.2395231699395900e-04,
            6.2808242988596427e-02 ]
    }
}
