%YAML:1.0
---
K: !!opencv-matrix
   rows: 3
   cols: 3
   dt: d
   data: [ 4.6700173759357796e+02, 0., 2.3739499331826411e+02, 0.,
       4.6575142976126631e+02, 1.8010283607376746e+02, 0., 0., 1. ]
D: !!opencv-matrix
   rows: 1
   cols: 5
   dt: d
   data: [ 1.7539225258248786e-02, 1.1659042116856155e-01,
       -7.7336352265729123e-03, -1.2402128129369756e-02,
       1.7337133485815398e-01 ]
