{
    "RVEC": {
        "type_id": "opencv-matrix",
        "rows": 1,
        "cols": 1,
        "dt": "3d",
        "data": [ 1.8726007828471258e+00, -1.6675072837828955e+00,
            6.4313328146105231e-01 ]
    },
    "TVEC": {
        "type_id": "opencv-matrix",
        "rows": 1,
        "cols": 1,
        "dt": "3d",
        "data": [ -6.1966793295827761e-03, 1.3296538891537237e-04,
            4.7695063141727168e-02 ]
    }
}
