{
    "RVEC": {
        "type_id": "opencv-matrix",
        "rows": 1,
        "cols": 1,
        "dt": "3d",
        "data": [ 1.2508437081729171e+00, 2.1152171216854700e+00,
            -1.0783493720044384e+00 ]
    },
    "TVEC": {
        "type_id": "opencv-matrix",
        "rows": 1,
        "cols": 1,
        "dt": "3d",
        "data": [ -5.0171923288863792e-03, -1.4338910426279191e-02,
            8.9867194115087298e-02 ]
    }
}
