{
    "RVEC": {
        "type_id": "opencv-matrix",
        "rows": 1,
        "cols": 1,
        "dt": "3d",
        "data": [ 2.0887246211400576e+00, 5.4558596280441174e-01,
            -2.7304320000588250e-01 ]
    },
    "TVEC": {
        "type_id": "opencv-matrix",
        "rows": 1,
        "cols": 1,
        "dt": "3d",
        "data": [ -2.8740595031688178e-03, 1.2400911166502566e-02,
            6.4651804022162876e-02 ]
    }
}
