{
    "CameraMatrix": {
        "type_id": "opencv-matrix",
        "rows": 3,
        "cols": 3,
        "dt": "d",
        "data": [ 7.2851124893528390e+02, 0.0, 3.2329915954780461e+02,
            0.0, 7.2559523999113117e+02, 2.2218435450359888e+02, 0.0,
            0.0, 1.0 ]
    },
    "DistortionCoeff": {
        "type_id": "opencv-matrix",
        "rows": 1,
        "cols": 5,
        "dt": "d",
        "data": [ 1.2166909854966353e-01, -5.7862752568266351e-01,
            -6.4616176416217620e-03, 2.3866474242438206e-03,
            6.4720031458369420e-01 ]
    }
}
