%YAML:1.0
---
K: !!opencv-matrix
   rows: 3
   cols: 3
   dt: d
   data: [ 7.2851123467220918e+02, 0., 3.2329914674034302e+02, 0.,
       7.2559522686911487e+02, 2.2218434037289066e+02, 0., 0., 1. ]
D: !!opencv-matrix
   rows: 1
   cols: 5
   dt: d
   data: [ 1.2166910984337548e-01, -5.7862968314719398e-01,
       -6.4616266459932197e-03, 2.3866398231662043e-03,
       6.4721936258514734e-01 ]
