{
    "RVEC": {
        "type_id": "opencv-matrix",
        "rows": 1,
        "cols": 1,
        "dt": "3d",
        "data": [ 1.9132031239461633e+00, -1.6522394043690349e+00,
            6.0923042876713662e-01 ]
    },
    "TVEC": {
        "type_id": "opencv-matrix",
        "rows": 1,
        "cols": 1,
        "dt": "3d",
        "data": [ -1.0618286640314448e-04, -1.8123315610760315e-03,
            4.6950039545846145e-02 ]
    }
}
