{
    "RVEC": {
        "type_id": "opencv-matrix",
        "rows": 1,
        "cols": 1,
        "dt": "3d",
        "data": [ 1.1424361354223134e+00, 2.2090744053586926e+00,
            -1.1283991174951120e+00 ]
    },
    "TVEC": {
        "type_id": "opencv-matrix",
        "rows": 1,
        "cols": 1,
        "dt": "3d",
        "data": [ -2.8262914711554401e-03, 7.9859210153760442e-03,
            6.4796900514336148e-02 ]
    }
}
